{
 "cells": [
  {
   "cell_type": "markdown",
   "id": "2c208795",
   "metadata": {},
   "source": [
    "# Configuração"
   ]
  },
  {
   "cell_type": "code",
   "execution_count": 11,
   "id": "3fcf894f",
   "metadata": {},
   "outputs": [],
   "source": [
    "import os\n",
    "\n",
    "import matplotlib.pyplot as plt\n",
    "import numpy as np\n",
    "import pandas as pd\n",
    "import seaborn as sns\n",
    "\n",
    "pd.set_option(\"display.max_colwidth\", None)\n",
    "pd.set_option(\"display.max_columns\", None)\n",
    "pd.set_option(\"display.max_rows\", None)"
   ]
  },
  {
   "cell_type": "code",
   "execution_count": 12,
   "id": "65200b47",
   "metadata": {},
   "outputs": [
    {
     "data": {
      "text/html": [
       "<div>\n",
       "<style scoped>\n",
       "    .dataframe tbody tr th:only-of-type {\n",
       "        vertical-align: middle;\n",
       "    }\n",
       "\n",
       "    .dataframe tbody tr th {\n",
       "        vertical-align: top;\n",
       "    }\n",
       "\n",
       "    .dataframe thead th {\n",
       "        text-align: right;\n",
       "    }\n",
       "</style>\n",
       "<table border=\"1\" class=\"dataframe\">\n",
       "  <thead>\n",
       "    <tr style=\"text-align: right;\">\n",
       "      <th></th>\n",
       "      <th>Div</th>\n",
       "      <th>Season</th>\n",
       "      <th>Date</th>\n",
       "      <th>Time</th>\n",
       "      <th>HomeTeam</th>\n",
       "      <th>AwayTeam</th>\n",
       "      <th>FTHG</th>\n",
       "      <th>FTAG</th>\n",
       "      <th>FTR</th>\n",
       "      <th>HTHG</th>\n",
       "      <th>HTAG</th>\n",
       "      <th>HTR</th>\n",
       "      <th>Referee</th>\n",
       "      <th>HS</th>\n",
       "      <th>AS</th>\n",
       "      <th>HST</th>\n",
       "      <th>AST</th>\n",
       "      <th>HF</th>\n",
       "      <th>AF</th>\n",
       "      <th>HC</th>\n",
       "      <th>AC</th>\n",
       "      <th>HY</th>\n",
       "      <th>AY</th>\n",
       "      <th>HR</th>\n",
       "      <th>AR</th>\n",
       "      <th>B365H</th>\n",
       "      <th>B365D</th>\n",
       "      <th>B365A</th>\n",
       "      <th>PSH</th>\n",
       "      <th>PSD</th>\n",
       "      <th>PSA</th>\n",
       "      <th>MaxH</th>\n",
       "      <th>MaxD</th>\n",
       "      <th>MaxA</th>\n",
       "      <th>AvgH</th>\n",
       "      <th>AvgD</th>\n",
       "      <th>AvgA</th>\n",
       "      <th>B365&gt;2.5</th>\n",
       "      <th>B365&lt;2.5</th>\n",
       "      <th>P&gt;2.5</th>\n",
       "      <th>P&lt;2.5</th>\n",
       "      <th>Max&gt;2.5</th>\n",
       "      <th>Max&lt;2.5</th>\n",
       "      <th>Avg&gt;2.5</th>\n",
       "      <th>Avg&lt;2.5</th>\n",
       "      <th>B365AHH</th>\n",
       "      <th>B365AHA</th>\n",
       "      <th>PAHH</th>\n",
       "      <th>PAHA</th>\n",
       "      <th>MaxAHH</th>\n",
       "      <th>MaxAHA</th>\n",
       "      <th>AvgAHH</th>\n",
       "      <th>AvgAHA</th>\n",
       "    </tr>\n",
       "  </thead>\n",
       "  <tbody>\n",
       "    <tr>\n",
       "      <th>0</th>\n",
       "      <td>E0</td>\n",
       "      <td>19</td>\n",
       "      <td>09/08/2019</td>\n",
       "      <td>20:00</td>\n",
       "      <td>Liverpool</td>\n",
       "      <td>Norwich</td>\n",
       "      <td>4</td>\n",
       "      <td>1</td>\n",
       "      <td>H</td>\n",
       "      <td>4</td>\n",
       "      <td>0</td>\n",
       "      <td>H</td>\n",
       "      <td>M Oliver</td>\n",
       "      <td>15</td>\n",
       "      <td>12</td>\n",
       "      <td>7</td>\n",
       "      <td>5</td>\n",
       "      <td>9</td>\n",
       "      <td>9</td>\n",
       "      <td>11</td>\n",
       "      <td>2</td>\n",
       "      <td>0</td>\n",
       "      <td>2</td>\n",
       "      <td>0</td>\n",
       "      <td>0</td>\n",
       "      <td>1.14</td>\n",
       "      <td>10.00</td>\n",
       "      <td>19.00</td>\n",
       "      <td>1.15</td>\n",
       "      <td>9.59</td>\n",
       "      <td>18.05</td>\n",
       "      <td>1.16</td>\n",
       "      <td>10.00</td>\n",
       "      <td>23.00</td>\n",
       "      <td>1.14</td>\n",
       "      <td>8.75</td>\n",
       "      <td>19.83</td>\n",
       "      <td>1.40</td>\n",
       "      <td>3.00</td>\n",
       "      <td>1.40</td>\n",
       "      <td>3.11</td>\n",
       "      <td>1.45</td>\n",
       "      <td>3.11</td>\n",
       "      <td>1.41</td>\n",
       "      <td>2.92</td>\n",
       "      <td>1.96</td>\n",
       "      <td>1.94</td>\n",
       "      <td>1.97</td>\n",
       "      <td>1.95</td>\n",
       "      <td>1.97</td>\n",
       "      <td>2.00</td>\n",
       "      <td>1.94</td>\n",
       "      <td>1.94</td>\n",
       "    </tr>\n",
       "    <tr>\n",
       "      <th>1</th>\n",
       "      <td>E0</td>\n",
       "      <td>19</td>\n",
       "      <td>10/08/2019</td>\n",
       "      <td>12:30</td>\n",
       "      <td>West Ham</td>\n",
       "      <td>Man City</td>\n",
       "      <td>0</td>\n",
       "      <td>5</td>\n",
       "      <td>A</td>\n",
       "      <td>0</td>\n",
       "      <td>1</td>\n",
       "      <td>A</td>\n",
       "      <td>M Dean</td>\n",
       "      <td>5</td>\n",
       "      <td>14</td>\n",
       "      <td>3</td>\n",
       "      <td>9</td>\n",
       "      <td>6</td>\n",
       "      <td>13</td>\n",
       "      <td>1</td>\n",
       "      <td>1</td>\n",
       "      <td>2</td>\n",
       "      <td>2</td>\n",
       "      <td>0</td>\n",
       "      <td>0</td>\n",
       "      <td>12.00</td>\n",
       "      <td>6.50</td>\n",
       "      <td>1.22</td>\n",
       "      <td>11.68</td>\n",
       "      <td>6.53</td>\n",
       "      <td>1.26</td>\n",
       "      <td>13.00</td>\n",
       "      <td>6.75</td>\n",
       "      <td>1.29</td>\n",
       "      <td>11.84</td>\n",
       "      <td>6.28</td>\n",
       "      <td>1.25</td>\n",
       "      <td>1.44</td>\n",
       "      <td>2.75</td>\n",
       "      <td>1.49</td>\n",
       "      <td>2.77</td>\n",
       "      <td>1.51</td>\n",
       "      <td>2.77</td>\n",
       "      <td>1.48</td>\n",
       "      <td>2.65</td>\n",
       "      <td>2.00</td>\n",
       "      <td>1.90</td>\n",
       "      <td>2.02</td>\n",
       "      <td>1.90</td>\n",
       "      <td>2.02</td>\n",
       "      <td>1.92</td>\n",
       "      <td>1.99</td>\n",
       "      <td>1.89</td>\n",
       "    </tr>\n",
       "    <tr>\n",
       "      <th>2</th>\n",
       "      <td>E0</td>\n",
       "      <td>19</td>\n",
       "      <td>10/08/2019</td>\n",
       "      <td>15:00</td>\n",
       "      <td>Bournemouth</td>\n",
       "      <td>Sheffield United</td>\n",
       "      <td>1</td>\n",
       "      <td>1</td>\n",
       "      <td>D</td>\n",
       "      <td>0</td>\n",
       "      <td>0</td>\n",
       "      <td>D</td>\n",
       "      <td>K Friend</td>\n",
       "      <td>13</td>\n",
       "      <td>8</td>\n",
       "      <td>3</td>\n",
       "      <td>3</td>\n",
       "      <td>10</td>\n",
       "      <td>19</td>\n",
       "      <td>3</td>\n",
       "      <td>4</td>\n",
       "      <td>2</td>\n",
       "      <td>1</td>\n",
       "      <td>0</td>\n",
       "      <td>0</td>\n",
       "      <td>1.95</td>\n",
       "      <td>3.60</td>\n",
       "      <td>3.60</td>\n",
       "      <td>2.04</td>\n",
       "      <td>3.57</td>\n",
       "      <td>3.90</td>\n",
       "      <td>2.06</td>\n",
       "      <td>3.65</td>\n",
       "      <td>4.00</td>\n",
       "      <td>2.01</td>\n",
       "      <td>3.53</td>\n",
       "      <td>3.83</td>\n",
       "      <td>1.90</td>\n",
       "      <td>1.90</td>\n",
       "      <td>1.96</td>\n",
       "      <td>1.96</td>\n",
       "      <td>2.00</td>\n",
       "      <td>1.99</td>\n",
       "      <td>1.90</td>\n",
       "      <td>1.93</td>\n",
       "      <td>2.01</td>\n",
       "      <td>1.89</td>\n",
       "      <td>2.04</td>\n",
       "      <td>1.88</td>\n",
       "      <td>2.04</td>\n",
       "      <td>1.91</td>\n",
       "      <td>2.00</td>\n",
       "      <td>1.88</td>\n",
       "    </tr>\n",
       "    <tr>\n",
       "      <th>3</th>\n",
       "      <td>E0</td>\n",
       "      <td>19</td>\n",
       "      <td>10/08/2019</td>\n",
       "      <td>15:00</td>\n",
       "      <td>Burnley</td>\n",
       "      <td>Southampton</td>\n",
       "      <td>3</td>\n",
       "      <td>0</td>\n",
       "      <td>H</td>\n",
       "      <td>0</td>\n",
       "      <td>0</td>\n",
       "      <td>D</td>\n",
       "      <td>G Scott</td>\n",
       "      <td>10</td>\n",
       "      <td>11</td>\n",
       "      <td>4</td>\n",
       "      <td>3</td>\n",
       "      <td>6</td>\n",
       "      <td>12</td>\n",
       "      <td>2</td>\n",
       "      <td>7</td>\n",
       "      <td>0</td>\n",
       "      <td>0</td>\n",
       "      <td>0</td>\n",
       "      <td>0</td>\n",
       "      <td>2.62</td>\n",
       "      <td>3.20</td>\n",
       "      <td>2.75</td>\n",
       "      <td>2.71</td>\n",
       "      <td>3.31</td>\n",
       "      <td>2.81</td>\n",
       "      <td>2.80</td>\n",
       "      <td>3.33</td>\n",
       "      <td>2.85</td>\n",
       "      <td>2.68</td>\n",
       "      <td>3.22</td>\n",
       "      <td>2.78</td>\n",
       "      <td>2.10</td>\n",
       "      <td>1.72</td>\n",
       "      <td>2.17</td>\n",
       "      <td>1.77</td>\n",
       "      <td>2.20</td>\n",
       "      <td>1.78</td>\n",
       "      <td>2.12</td>\n",
       "      <td>1.73</td>\n",
       "      <td>1.92</td>\n",
       "      <td>1.98</td>\n",
       "      <td>1.93</td>\n",
       "      <td>2.00</td>\n",
       "      <td>1.94</td>\n",
       "      <td>2.00</td>\n",
       "      <td>1.91</td>\n",
       "      <td>1.98</td>\n",
       "    </tr>\n",
       "    <tr>\n",
       "      <th>4</th>\n",
       "      <td>E0</td>\n",
       "      <td>19</td>\n",
       "      <td>10/08/2019</td>\n",
       "      <td>15:00</td>\n",
       "      <td>Crystal Palace</td>\n",
       "      <td>Everton</td>\n",
       "      <td>0</td>\n",
       "      <td>0</td>\n",
       "      <td>D</td>\n",
       "      <td>0</td>\n",
       "      <td>0</td>\n",
       "      <td>D</td>\n",
       "      <td>J Moss</td>\n",
       "      <td>6</td>\n",
       "      <td>10</td>\n",
       "      <td>2</td>\n",
       "      <td>3</td>\n",
       "      <td>16</td>\n",
       "      <td>14</td>\n",
       "      <td>6</td>\n",
       "      <td>2</td>\n",
       "      <td>2</td>\n",
       "      <td>1</td>\n",
       "      <td>0</td>\n",
       "      <td>1</td>\n",
       "      <td>3.00</td>\n",
       "      <td>3.25</td>\n",
       "      <td>2.37</td>\n",
       "      <td>3.21</td>\n",
       "      <td>3.37</td>\n",
       "      <td>2.39</td>\n",
       "      <td>3.21</td>\n",
       "      <td>3.40</td>\n",
       "      <td>2.52</td>\n",
       "      <td>3.13</td>\n",
       "      <td>3.27</td>\n",
       "      <td>2.40</td>\n",
       "      <td>2.20</td>\n",
       "      <td>1.66</td>\n",
       "      <td>2.23</td>\n",
       "      <td>1.74</td>\n",
       "      <td>2.25</td>\n",
       "      <td>1.74</td>\n",
       "      <td>2.18</td>\n",
       "      <td>1.70</td>\n",
       "      <td>1.85</td>\n",
       "      <td>2.05</td>\n",
       "      <td>1.88</td>\n",
       "      <td>2.05</td>\n",
       "      <td>1.88</td>\n",
       "      <td>2.09</td>\n",
       "      <td>1.84</td>\n",
       "      <td>2.04</td>\n",
       "    </tr>\n",
       "  </tbody>\n",
       "</table>\n",
       "</div>"
      ],
      "text/plain": [
       "  Div  Season        Date   Time        HomeTeam          AwayTeam  FTHG  \\\n",
       "0  E0      19  09/08/2019  20:00       Liverpool           Norwich     4   \n",
       "1  E0      19  10/08/2019  12:30        West Ham          Man City     0   \n",
       "2  E0      19  10/08/2019  15:00     Bournemouth  Sheffield United     1   \n",
       "3  E0      19  10/08/2019  15:00         Burnley       Southampton     3   \n",
       "4  E0      19  10/08/2019  15:00  Crystal Palace           Everton     0   \n",
       "\n",
       "   FTAG FTR  HTHG  HTAG HTR   Referee  HS  AS  HST  AST  HF  AF  HC  AC  HY  \\\n",
       "0     1   H     4     0   H  M Oliver  15  12    7    5   9   9  11   2   0   \n",
       "1     5   A     0     1   A    M Dean   5  14    3    9   6  13   1   1   2   \n",
       "2     1   D     0     0   D  K Friend  13   8    3    3  10  19   3   4   2   \n",
       "3     0   H     0     0   D   G Scott  10  11    4    3   6  12   2   7   0   \n",
       "4     0   D     0     0   D    J Moss   6  10    2    3  16  14   6   2   2   \n",
       "\n",
       "   AY  HR  AR  B365H  B365D  B365A    PSH   PSD    PSA   MaxH   MaxD   MaxA  \\\n",
       "0   2   0   0   1.14  10.00  19.00   1.15  9.59  18.05   1.16  10.00  23.00   \n",
       "1   2   0   0  12.00   6.50   1.22  11.68  6.53   1.26  13.00   6.75   1.29   \n",
       "2   1   0   0   1.95   3.60   3.60   2.04  3.57   3.90   2.06   3.65   4.00   \n",
       "3   0   0   0   2.62   3.20   2.75   2.71  3.31   2.81   2.80   3.33   2.85   \n",
       "4   1   0   1   3.00   3.25   2.37   3.21  3.37   2.39   3.21   3.40   2.52   \n",
       "\n",
       "    AvgH  AvgD   AvgA  B365>2.5  B365<2.5  P>2.5  P<2.5  Max>2.5  Max<2.5  \\\n",
       "0   1.14  8.75  19.83      1.40      3.00   1.40   3.11     1.45     3.11   \n",
       "1  11.84  6.28   1.25      1.44      2.75   1.49   2.77     1.51     2.77   \n",
       "2   2.01  3.53   3.83      1.90      1.90   1.96   1.96     2.00     1.99   \n",
       "3   2.68  3.22   2.78      2.10      1.72   2.17   1.77     2.20     1.78   \n",
       "4   3.13  3.27   2.40      2.20      1.66   2.23   1.74     2.25     1.74   \n",
       "\n",
       "   Avg>2.5  Avg<2.5  B365AHH  B365AHA  PAHH  PAHA  MaxAHH  MaxAHA  AvgAHH  \\\n",
       "0     1.41     2.92     1.96     1.94  1.97  1.95    1.97    2.00    1.94   \n",
       "1     1.48     2.65     2.00     1.90  2.02  1.90    2.02    1.92    1.99   \n",
       "2     1.90     1.93     2.01     1.89  2.04  1.88    2.04    1.91    2.00   \n",
       "3     2.12     1.73     1.92     1.98  1.93  2.00    1.94    2.00    1.91   \n",
       "4     2.18     1.70     1.85     2.05  1.88  2.05    1.88    2.09    1.84   \n",
       "\n",
       "   AvgAHA  \n",
       "0    1.94  \n",
       "1    1.89  \n",
       "2    1.88  \n",
       "3    1.98  \n",
       "4    2.04  "
      ]
     },
     "execution_count": 12,
     "metadata": {},
     "output_type": "execute_result"
    }
   ],
   "source": [
    "# Importação dos dados\n",
    "data_path = \"../data/premier_completo_19_25.csv\"\n",
    "\n",
    "df_raw = pd.read_csv(data_path)\n",
    "df_raw.head()"
   ]
  },
  {
   "cell_type": "markdown",
   "id": "5953364a",
   "metadata": {},
   "source": [
    "# Análise Exploratória "
   ]
  },
  {
   "cell_type": "markdown",
   "id": "70aad05a",
   "metadata": {},
   "source": [
    "### Consistência dos Dados"
   ]
  },
  {
   "cell_type": "code",
   "execution_count": 13,
   "id": "cdf57e1a",
   "metadata": {},
   "outputs": [
    {
     "name": "stdout",
     "output_type": "stream",
     "text": [
      "Shape: (2280, 53) \n",
      "2280 Partidas\n",
      "\n",
      "<class 'pandas.core.frame.DataFrame'>\n",
      "RangeIndex: 2280 entries, 0 to 2279\n",
      "Data columns (total 53 columns):\n",
      " #   Column    Non-Null Count  Dtype  \n",
      "---  ------    --------------  -----  \n",
      " 0   Div       2280 non-null   object \n",
      " 1   Season    2280 non-null   int64  \n",
      " 2   Date      2280 non-null   object \n",
      " 3   Time      2280 non-null   object \n",
      " 4   HomeTeam  2280 non-null   object \n",
      " 5   AwayTeam  2280 non-null   object \n",
      " 6   FTHG      2280 non-null   int64  \n",
      " 7   FTAG      2280 non-null   int64  \n",
      " 8   FTR       2280 non-null   object \n",
      " 9   HTHG      2280 non-null   int64  \n",
      " 10  HTAG      2280 non-null   int64  \n",
      " 11  HTR       2280 non-null   object \n",
      " 12  Referee   2280 non-null   object \n",
      " 13  HS        2280 non-null   int64  \n",
      " 14  AS        2280 non-null   int64  \n",
      " 15  HST       2280 non-null   int64  \n",
      " 16  AST       2280 non-null   int64  \n",
      " 17  HF        2280 non-null   int64  \n",
      " 18  AF        2280 non-null   int64  \n",
      " 19  HC        2280 non-null   int64  \n",
      " 20  AC        2280 non-null   int64  \n",
      " 21  HY        2280 non-null   int64  \n",
      " 22  AY        2280 non-null   int64  \n",
      " 23  HR        2280 non-null   int64  \n",
      " 24  AR        2280 non-null   int64  \n",
      " 25  B365H     2280 non-null   float64\n",
      " 26  B365D     2280 non-null   float64\n",
      " 27  B365A     2280 non-null   float64\n",
      " 28  PSH       2280 non-null   float64\n",
      " 29  PSD       2280 non-null   float64\n",
      " 30  PSA       2280 non-null   float64\n",
      " 31  MaxH      2280 non-null   float64\n",
      " 32  MaxD      2280 non-null   float64\n",
      " 33  MaxA      2280 non-null   float64\n",
      " 34  AvgH      2280 non-null   float64\n",
      " 35  AvgD      2280 non-null   float64\n",
      " 36  AvgA      2280 non-null   float64\n",
      " 37  B365>2.5  2279 non-null   float64\n",
      " 38  B365<2.5  2279 non-null   float64\n",
      " 39  P>2.5     2268 non-null   float64\n",
      " 40  P<2.5     2268 non-null   float64\n",
      " 41  Max>2.5   2280 non-null   float64\n",
      " 42  Max<2.5   2280 non-null   float64\n",
      " 43  Avg>2.5   2280 non-null   float64\n",
      " 44  Avg<2.5   2280 non-null   float64\n",
      " 45  B365AHH   2280 non-null   float64\n",
      " 46  B365AHA   2280 non-null   float64\n",
      " 47  PAHH      2280 non-null   float64\n",
      " 48  PAHA      2280 non-null   float64\n",
      " 49  MaxAHH    2280 non-null   float64\n",
      " 50  MaxAHA    2280 non-null   float64\n",
      " 51  AvgAHH    2280 non-null   float64\n",
      " 52  AvgAHA    2280 non-null   float64\n",
      "dtypes: float64(28), int64(17), object(8)\n",
      "memory usage: 944.2+ KB\n"
     ]
    }
   ],
   "source": [
    "print(f\"Shape: {df_raw.shape} \\n{df_raw.shape[0]} Partidas\\n\")\n",
    "\n",
    "# Consistência dos Dados\n",
    "df_raw.info()"
   ]
  },
  {
   "cell_type": "code",
   "execution_count": 14,
   "id": "799cffbc",
   "metadata": {},
   "outputs": [
    {
     "data": {
      "text/plain": [
       "P>2.5       12\n",
       "P<2.5       12\n",
       "B365>2.5     1\n",
       "B365<2.5     1\n",
       "Div          0\n",
       "dtype: int64"
      ]
     },
     "execution_count": 14,
     "metadata": {},
     "output_type": "execute_result"
    }
   ],
   "source": [
    "# Colunas com dados Faltantes\n",
    "df_raw.isna().sum().sort_values(ascending= False).head()"
   ]
  },
  {
   "cell_type": "code",
   "execution_count": 15,
   "id": "fbfcb831",
   "metadata": {},
   "outputs": [
    {
     "data": {
      "text/plain": [
       "FTR\n",
       "H    993\n",
       "A    762\n",
       "D    525\n",
       "Name: count, dtype: int64"
      ]
     },
     "execution_count": 15,
     "metadata": {},
     "output_type": "execute_result"
    }
   ],
   "source": [
    "# Contagem de Resultados de Vitória (Mandante (H), Visitante(A), Empate(D))\n",
    "df_raw['FTR'].value_counts(dropna= False)"
   ]
  },
  {
   "cell_type": "code",
   "execution_count": 16,
   "id": "40e204f9",
   "metadata": {},
   "outputs": [
    {
     "name": "stdout",
     "output_type": "stream",
     "text": [
      "         B365H     B365D     B365A\n",
      "0     0.851789  0.097104  0.051107\n",
      "1     0.078851  0.145570  0.775579\n",
      "2     0.480000  0.260000  0.260000\n",
      "3     0.360818  0.295420  0.343762\n",
      "4     0.313588  0.289466  0.396947\n",
      "5     0.491685  0.274765  0.233550\n",
      "6     0.725890  0.179744  0.094366\n",
      "7     0.428346  0.294488  0.277165\n",
      "8     0.207629  0.249155  0.543216\n",
      "9     0.447154  0.284553  0.268293\n",
      "10    0.731870  0.172987  0.095143\n",
      "11    0.413495  0.279718  0.306787\n",
      "12    0.374095  0.293521  0.332384\n",
      "13    0.551044  0.249420  0.199536\n",
      "14    0.423077  0.288462  0.288462\n",
      "15    0.145300  0.198832  0.655868\n",
      "16    0.699767  0.181273  0.118960\n",
      "17    0.370111  0.304446  0.325443\n",
      "18    0.557621  0.252788  0.189591\n",
      "19    0.288462  0.288462  0.423077\n",
      "20    0.290681  0.269918  0.439401\n",
      "21    0.219288  0.253204  0.527508\n",
      "22    0.395683  0.287770  0.316547\n",
      "23    0.713719  0.180809  0.105472\n",
      "24    0.288462  0.288462  0.423077\n",
      "25    0.460526  0.269737  0.269737\n",
      "26    0.634483  0.206897  0.158621\n",
      "27    0.062771  0.125541  0.811688\n",
      "28    0.787197  0.145329  0.067474\n",
      "29    0.511449  0.278288  0.210262\n",
      "30    0.249677  0.287507  0.462816\n",
      "31    0.695688  0.199186  0.105126\n",
      "32    0.441345  0.287543  0.271112\n",
      "33    0.560886  0.238376  0.200738\n",
      "34    0.869914  0.093951  0.036135\n",
      "35    0.378743  0.291341  0.329916\n",
      "36    0.513158  0.243421  0.243421\n",
      "37    0.099652  0.172125  0.728223\n",
      "38    0.433746  0.293613  0.272641\n",
      "39    0.399240  0.262833  0.337928\n",
      "40    0.832517  0.111655  0.055828\n",
      "41    0.441345  0.287543  0.271112\n",
      "42    0.489083  0.272489  0.238428\n",
      "43    0.387253  0.296491  0.316257\n",
      "44    0.699767  0.181273  0.118960\n",
      "45    0.329079  0.289190  0.381731\n",
      "46    0.063193  0.105322  0.831486\n",
      "47    0.329283  0.272834  0.397883\n",
      "48    0.263158  0.263158  0.473684\n",
      "49    0.362810  0.271589  0.365601\n",
      "50    0.464003  0.264224  0.271773\n",
      "51    0.329927  0.270540  0.399532\n",
      "52    0.476703  0.250896  0.272401\n",
      "53    0.589044  0.252896  0.158060\n",
      "54    0.867769  0.086777  0.045455\n",
      "55    0.382470  0.298805  0.318725\n",
      "56    0.362575  0.306434  0.330991\n",
      "57    0.305792  0.263320  0.430888\n",
      "58    0.680394  0.200537  0.119069\n",
      "59    0.271493  0.253394  0.475113\n",
      "60    0.105472  0.180809  0.713719\n",
      "61    0.413495  0.279718  0.306787\n",
      "62    0.381188  0.272277  0.346535\n",
      "63    0.680394  0.200537  0.119069\n",
      "64    0.496689  0.251656  0.251656\n",
      "65    0.680394  0.200537  0.119069\n",
      "66    0.511449  0.278288  0.210262\n",
      "67    0.095143  0.172987  0.731870\n",
      "68    0.634921  0.238095  0.126984\n",
      "69    0.400901  0.271467  0.327633\n",
      "70    0.241782  0.261930  0.496288\n",
      "71    0.331379  0.288199  0.380423\n",
      "72    0.662747  0.200917  0.136336\n",
      "73    0.399240  0.262833  0.337928\n",
      "74    0.460323  0.277548  0.262129\n",
      "75    0.486660  0.263607  0.249733\n",
      "76    0.662747  0.200917  0.136336\n",
      "77    0.849057  0.105660  0.045283\n",
      "78    0.237260  0.249747  0.512994\n",
      "79    0.211948  0.272504  0.515548\n",
      "80    0.490196  0.254902  0.254902\n",
      "81    0.404120  0.279319  0.316561\n",
      "82    0.549738  0.225131  0.225131\n",
      "83    0.731870  0.172987  0.095143\n",
      "84    0.604534  0.237280  0.158186\n",
      "85    0.681818  0.190909  0.127273\n",
      "86    0.526316  0.263158  0.210526\n",
      "87    0.079679  0.136593  0.783728\n",
      "88    0.179746  0.248334  0.571920\n",
      "89    0.244342  0.254115  0.501543\n",
      "90    0.306787  0.279718  0.413495\n",
      "91    0.877408  0.086146  0.036446\n",
      "92    0.327621  0.292339  0.380040\n",
      "93    0.442721  0.264403  0.292877\n",
      "94    0.454545  0.272727  0.272727\n",
      "95    0.210914  0.237278  0.551809\n",
      "96    0.318045  0.307785  0.374170\n",
      "97    0.654305  0.199735  0.145960\n",
      "98    0.634039  0.219644  0.146317\n",
      "99    0.219453  0.237558  0.542989\n",
      "100   0.292877  0.264403  0.442721\n",
      "101   0.544933  0.254302  0.200765\n",
      "102   0.104527  0.188148  0.707325\n",
      "103   0.553479  0.226663  0.219858\n",
      "104   0.885873  0.072914  0.041212\n",
      "105   0.422853  0.297318  0.279829\n",
      "106   0.540711  0.249012  0.210277\n",
      "107   0.190102  0.219518  0.590380\n",
      "108   0.270557  0.278515  0.450928\n",
      "109   0.353035  0.280351  0.366613\n",
      "110   0.353325  0.272565  0.374109\n",
      "111   0.714796  0.190136  0.095068\n",
      "112   0.422179  0.271401  0.306420\n",
      "113   0.371012  0.291102  0.337886\n",
      "114   0.326535  0.286955  0.386511\n",
      "115   0.604534  0.237280  0.158186\n",
      "116   0.475113  0.253394  0.271493\n",
      "117   0.597793  0.255058  0.147149\n",
      "118   0.501193  0.272076  0.226730\n",
      "119   0.377552  0.262189  0.360259\n",
      "120   0.225197  0.218435  0.556368\n",
      "121   0.654305  0.199735  0.145960\n",
      "122   0.345898  0.288248  0.365854\n",
      "123   0.253394  0.271493  0.475113\n",
      "124   0.126007  0.198958  0.675036\n",
      "125   0.696056  0.185615  0.118329\n",
      "126   0.413495  0.279718  0.306787\n",
      "127   0.662454  0.190787  0.146759\n",
      "128   0.270557  0.278515  0.450928\n",
      "129   0.463608  0.279528  0.256864\n",
      "130   0.072297  0.117482  0.810221\n",
      "131   0.421208  0.291605  0.287187\n",
      "132   0.737705  0.157377  0.104918\n",
      "133   0.801772  0.135156  0.063073\n",
      "134   0.699983  0.173087  0.126930\n",
      "135   0.450928  0.278515  0.270557\n",
      "136   0.237558  0.219453  0.542989\n",
      "137   0.501193  0.272076  0.226730\n",
      "138   0.585080  0.235495  0.179425\n",
      "139   0.653866  0.210690  0.135444\n",
      "140   0.430296  0.278427  0.291277\n",
      "141   0.086297  0.135610  0.778092\n",
      "142   0.740407  0.164821  0.094772\n",
      "143   0.710193  0.171738  0.118070\n",
      "144   0.346350  0.280136  0.373514\n",
      "145   0.543619  0.233756  0.222625\n",
      "146   0.543067  0.256856  0.200077\n",
      "147   0.698324  0.189944  0.111732\n",
      "148   0.516513  0.278005  0.205482\n",
      "149   0.606781  0.220011  0.173208\n",
      "150   0.271493  0.253394  0.475113\n",
      "151   0.136364  0.181818  0.681818\n",
      "152   0.680394  0.200537  0.119069\n",
      "153   0.402788  0.289275  0.307938\n",
      "154   0.731870  0.172987  0.095143\n",
      "155   0.220021  0.250708  0.529272\n",
      "156   0.378312  0.295556  0.326131\n",
      "157   0.327633  0.271467  0.400901\n",
      "158   0.362575  0.306434  0.330991\n",
      "159   0.287770  0.237410  0.474820\n",
      "160   0.817727  0.126475  0.055798\n",
      "161   0.485194  0.278273  0.236532\n",
      "162   0.761905  0.158730  0.079365\n",
      "163   0.780312  0.146459  0.073229\n",
      "164   0.517114  0.255110  0.227776\n",
      "165   0.500000  0.250000  0.250000\n",
      "166   0.530086  0.257880  0.212034\n",
      "167   0.294089  0.281115  0.424796\n",
      "168   0.158491  0.181132  0.660377\n",
      "169   0.374095  0.293521  0.332384\n",
      "170   0.415514  0.251495  0.332990\n",
      "171   0.396226  0.264151  0.339623\n",
      "172   0.394716  0.278623  0.326661\n",
      "173   0.433746  0.293613  0.272641\n",
      "174   0.401003  0.306573  0.292424\n",
      "175   0.252492  0.249169  0.498339\n",
      "176   0.694261  0.179847  0.125893\n",
      "177   0.219453  0.237558  0.542989\n",
      "178   0.400992  0.253427  0.345582\n",
      "179   0.621756  0.219697  0.158548\n",
      "180   0.455298  0.254967  0.289735\n",
      "181   0.270833  0.243056  0.486111\n",
      "182   0.713719  0.180809  0.105472\n",
      "183   0.413495  0.279718  0.306787\n",
      "184   0.557621  0.252788  0.189591\n",
      "185   0.517875  0.263253  0.218871\n",
      "186   0.713719  0.180809  0.105472\n",
      "187   0.280489  0.254310  0.465201\n",
      "188   0.111732  0.189944  0.698324\n",
      "189   0.539702  0.242174  0.218124\n",
      "190   0.262129  0.277548  0.460323\n",
      "191   0.486660  0.263607  0.249733\n",
      "192   0.486660  0.249733  0.263607\n",
      "193   0.190040  0.237550  0.572410\n",
      "194   0.237449  0.243537  0.519014\n",
      "195   0.219288  0.253204  0.527508\n",
      "196   0.331878  0.253997  0.414125\n",
      "197   0.756683  0.164496  0.078821\n",
      "198   0.814885  0.126036  0.059079\n",
      "199   0.260000  0.260000  0.480000\n",
      "200   0.536284  0.246973  0.216743\n",
      "201   0.187693  0.246965  0.565342\n",
      "202   0.284553  0.268293  0.447154\n",
      "203   0.313804  0.276886  0.409310\n",
      "204   0.759124  0.145985  0.094891\n",
      "205   0.378160  0.278059  0.343782\n",
      "206   0.498339  0.252492  0.249169\n",
      "207   0.372910  0.264144  0.362946\n",
      "208   0.783133  0.144578  0.072289\n",
      "209   0.485194  0.278273  0.236532\n",
      "210   0.230997  0.242843  0.526160\n",
      "211   0.741240  0.172507  0.086253\n",
      "212   0.512994  0.249747  0.237260\n",
      "213   0.591398  0.236559  0.172043\n",
      "214   0.709318  0.179694  0.110987\n",
      "215   0.661376  0.211640  0.126984\n",
      "216   0.210522  0.218787  0.570691\n",
      "217   0.363525  0.286414  0.350061\n",
      "218   0.072800  0.111341  0.815859\n",
      "219   0.293613  0.272641  0.433746\n",
      "220   0.517875  0.263253  0.218871\n",
      "221   0.572410  0.237550  0.190040\n",
      "222   0.863636  0.086364  0.050000\n",
      "223   0.433746  0.272641  0.293613\n",
      "224   0.399061  0.281690  0.319249\n",
      "225   0.327633  0.271467  0.400901\n",
      "226   0.157895  0.210526  0.631579\n",
      "227   0.221200  0.255413  0.523387\n",
      "228   0.699767  0.181273  0.118960\n",
      "229   0.339806  0.271845  0.388350\n",
      "230   0.331615  0.279922  0.388463\n",
      "231   0.353261  0.293478  0.353261\n",
      "232   0.611104  0.231027  0.157869\n",
      "233   0.135135  0.189189  0.675676\n",
      "234   0.548472  0.241890  0.209638\n",
      "235   0.621756  0.219697  0.158548\n",
      "236   0.681818  0.190909  0.127273\n",
      "237   0.695688  0.199186  0.105126\n",
      "238   0.164350  0.248687  0.586963\n",
      "239   0.111901  0.172939  0.715160\n",
      "240   0.381625  0.265018  0.353357\n",
      "241   0.450512  0.262799  0.286689\n",
      "242   0.308642  0.308642  0.382716\n",
      "243   0.761905  0.158730  0.079365\n",
      "244   0.432203  0.279661  0.288136\n",
      "245   0.346867  0.289056  0.364078\n",
      "246   0.365854  0.288248  0.345898\n",
      "247   0.424796  0.294089  0.281115\n",
      "248   0.263158  0.263158  0.473684\n",
      "249   0.172699  0.206488  0.620813\n",
      "250   0.591010  0.250402  0.158588\n",
      "251   0.454343  0.280624  0.265033\n",
      "252   0.571492  0.263521  0.164987\n",
      "253   0.380423  0.288199  0.331379\n",
      "254   0.546763  0.251799  0.201439\n",
      "255   0.086505  0.152249  0.761246\n",
      "256   0.237260  0.249747  0.512994\n",
      "257   0.680394  0.200537  0.119069\n",
      "258   0.515548  0.272504  0.211948\n",
      "259   0.844754  0.099592  0.055654\n",
      "260   0.551809  0.237278  0.210914\n",
      "261   0.453735  0.288740  0.257525\n",
      "262   0.490722  0.281443  0.227835\n",
      "263   0.490722  0.281443  0.227835\n",
      "264   0.590380  0.219518  0.190102\n",
      "265   0.211932  0.227070  0.560997\n",
      "266   0.596330  0.244648  0.159021\n",
      "267   0.636364  0.227273  0.136364\n",
      "268   0.477077  0.265043  0.257880\n",
      "269   0.818107  0.118626  0.063267\n",
      "270   0.218649  0.230915  0.550436\n",
      "271   0.463734  0.292509  0.243757\n",
      "272   0.199536  0.249420  0.551044\n",
      "273   0.363820  0.307487  0.328693\n",
      "274   0.357640  0.263262  0.379098\n",
      "275   0.119069  0.200537  0.680394\n",
      "276   0.380040  0.292339  0.327621\n",
      "277   0.387253  0.296491  0.316257\n",
      "278   0.780312  0.146459  0.073229\n",
      "279   0.608912  0.217271  0.173817\n",
      "280   0.373666  0.297765  0.328569\n",
      "281   0.579053  0.254783  0.166163\n",
      "282   0.588460  0.231078  0.180461\n",
      "283   0.590730  0.243865  0.165404\n",
      "284   0.351035  0.287211  0.361754\n",
      "285   0.529070  0.244186  0.226744\n",
      "286   0.189403  0.218711  0.591886\n",
      "287   0.699767  0.181273  0.118960\n",
      "288   0.297318  0.279829  0.422853\n",
      "289   0.694261  0.179847  0.125893\n",
      "290   0.339806  0.271845  0.388350\n",
      "291   0.317644  0.280274  0.402081\n",
      "292   0.264224  0.271773  0.464003\n",
      "293   0.306573  0.292424  0.401003\n",
      "294   0.265033  0.280624  0.454343\n",
      "295   0.387253  0.296491  0.316257\n",
      "296   0.289275  0.307938  0.402788\n",
      "297   0.157895  0.210526  0.631579\n",
      "298   0.158742  0.226774  0.614484\n",
      "299   0.833951  0.103781  0.062268\n",
      "300   0.595855  0.238342  0.165803\n",
      "301   0.572410  0.237550  0.190040\n",
      "302   0.677591  0.210806  0.111603\n",
      "303   0.413955  0.288514  0.297530\n",
      "304   0.241782  0.261930  0.496288\n",
      "305   0.607595  0.235443  0.156962\n",
      "306   0.780312  0.146459  0.073229\n",
      "307   0.317706  0.293267  0.389027\n",
      "308   0.365601  0.271589  0.362810\n",
      "309   0.236842  0.236842  0.526316\n",
      "310   0.205262  0.255191  0.539547\n",
      "311   0.380423  0.288199  0.331379\n",
      "312   0.422853  0.297318  0.279829\n",
      "313   0.158588  0.250402  0.591010\n",
      "314   0.662747  0.200917  0.136336\n",
      "315   0.396166  0.306709  0.297125\n",
      "316   0.381731  0.289190  0.329079\n",
      "317   0.173208  0.220011  0.606781\n",
      "318   0.227835  0.281443  0.490722\n",
      "319   0.465798  0.244843  0.289359\n",
      "320   0.288136  0.279661  0.432203\n",
      "321   0.571492  0.263521  0.164987\n",
      "322   0.817727  0.126475  0.055798\n",
      "323   0.424796  0.281115  0.294089\n",
      "324   0.680394  0.200537  0.119069\n",
      "325   0.328867  0.317905  0.353228\n",
      "326   0.365854  0.288248  0.345898\n",
      "327   0.715160  0.172939  0.111901\n",
      "328   0.111668  0.158196  0.730136\n",
      "329   0.450928  0.270557  0.278515\n",
      "330   0.111603  0.210806  0.677591\n",
      "331   0.557621  0.252788  0.189591\n",
      "332   0.412574  0.271120  0.316306\n",
      "333   0.849057  0.105660  0.045283\n",
      "334   0.250186  0.297096  0.452718\n",
      "335   0.475951  0.279971  0.244078\n",
      "336   0.158548  0.219697  0.621756\n",
      "337   0.180368  0.249192  0.570440\n",
      "338   0.464003  0.271773  0.264224\n",
      "339   0.105472  0.180809  0.713719\n",
      "340   0.254902  0.254902  0.490196\n",
      "341   0.526316  0.263158  0.210526\n",
      "342   0.775579  0.145570  0.078851\n",
      "343   0.158004  0.249480  0.592516\n",
      "344   0.094067  0.171032  0.734901\n",
      "345   0.462816  0.287507  0.249677\n",
      "346   0.423077  0.288462  0.288462\n",
      "347   0.364836  0.281138  0.354026\n",
      "348   0.180368  0.249192  0.570440\n",
      "349   0.731870  0.172987  0.095143\n",
      "350   0.844754  0.099592  0.055654\n",
      "351   0.211325  0.288170  0.500506\n",
      "352   0.832517  0.111655  0.055828\n",
      "353   0.206650  0.250155  0.543195\n",
      "354   0.250000  0.250000  0.500000\n",
      "355   0.475113  0.271493  0.253394\n",
      "356   0.463734  0.292509  0.243757\n",
      "357   0.100147  0.200295  0.699558\n",
      "358   0.441345  0.287543  0.271112\n",
      "359   0.395683  0.316547  0.287770\n",
      "360   0.297318  0.279829  0.422853\n",
      "361   0.396226  0.264151  0.339623\n",
      "362   0.421208  0.287187  0.291605\n",
      "363   0.500595  0.279744  0.219661\n",
      "364   0.433746  0.293613  0.272641\n",
      "365   0.634921  0.238095  0.126984\n",
      "366   0.111901  0.172939  0.715160\n",
      "367   0.286689  0.262799  0.450512\n",
      "368   0.770059  0.144534  0.085407\n",
      "369   0.475113  0.253394  0.271493\n",
      "370   0.500000  0.250000  0.250000\n",
      "371   0.402081  0.280274  0.317644\n",
      "372   0.512994  0.249747  0.237260\n",
      "373   0.158742  0.226774  0.614484\n",
      "374   0.424069  0.257880  0.318052\n",
      "375   0.293613  0.272641  0.433746\n",
      "376   0.877408  0.086146  0.036446\n",
      "377   0.125893  0.179847  0.694261\n",
      "378   0.441345  0.271112  0.287543\n",
      "379   0.318707  0.265589  0.415704\n",
      "380   0.158548  0.219697  0.621756\n",
      "381   0.306573  0.292424  0.401003\n",
      "382   0.741801  0.158251  0.099948\n",
      "383   0.441558  0.279221  0.279221\n",
      "384   0.249733  0.263607  0.486660\n",
      "385   0.517875  0.263253  0.218871\n",
      "386   0.190102  0.219518  0.590380\n",
      "387   0.292424  0.306573  0.401003\n",
      "388   0.629758  0.224913  0.145329\n",
      "389   0.590730  0.243865  0.165404\n",
      "390   0.728223  0.172125  0.099652\n",
      "391   0.617978  0.210112  0.171910\n",
      "392   0.314969  0.286336  0.398695\n",
      "393   0.364347  0.305582  0.330071\n",
      "394   0.305792  0.263320  0.430888\n",
      "395   0.589891  0.237431  0.172677\n",
      "396   0.350535  0.305304  0.344161\n",
      "397   0.146317  0.219644  0.634039\n",
      "398   0.198875  0.251908  0.549218\n",
      "399   0.253835  0.292887  0.453278\n",
      "400   0.105126  0.199186  0.695688\n",
      "401   0.297530  0.288514  0.413955\n",
      "402   0.351035  0.287211  0.361754\n",
      "403   0.653866  0.210690  0.135444\n",
      "404   0.741801  0.158251  0.099948\n",
      "405   0.264224  0.271773  0.464003\n",
      "406   0.327621  0.292339  0.380040\n",
      "407   0.654305  0.199735  0.145960\n",
      "408   0.680394  0.200537  0.119069\n",
      "409   0.550358  0.252431  0.197212\n",
      "410   0.125893  0.179847  0.694261\n",
      "411   0.396166  0.297125  0.306709\n",
      "412   0.591716  0.226824  0.181460\n",
      "413   0.551044  0.249420  0.199536\n",
      "414   0.604534  0.237280  0.158186\n",
      "415   0.634921  0.238095  0.126984\n",
      "416   0.512994  0.249747  0.237260\n",
      "417   0.095143  0.172987  0.731870\n",
      "418   0.253676  0.226496  0.519828\n",
      "419   0.654305  0.199735  0.145960\n",
      "420   0.662454  0.190787  0.146759\n",
      "421   0.198061  0.235198  0.566741\n",
      "422   0.453735  0.288740  0.257525\n",
      "423   0.361754  0.287211  0.351035\n",
      "424   0.606781  0.220011  0.173208\n",
      "425   0.518694  0.249792  0.231514\n",
      "426   0.386511  0.286955  0.326535\n",
      "427   0.380423  0.288199  0.331379\n",
      "428   0.461280  0.252167  0.286553\n",
      "429   0.118960  0.181273  0.699767\n",
      "430   0.344161  0.305304  0.350535\n",
      "431   0.399240  0.262833  0.337928\n",
      "432   0.775579  0.145570  0.078851\n",
